0 0.06888055298087203 1
0.2 1.205515771651187 1
0.4 1.138671072117116 1
0.6000000000000001 1.8338004859709245 1
0.8 0.8628384216263031 1
1.0 1.3838330631853388 1
1.2 1.9351934428076794 1
1.4 0.9725582881058201 1
1.5999999999999999 0.18560282725988342 1
1.7999999999999998 0.3005835039367575 1
1.9999999999999998 1.8857236883736967 1
2.1999999999999997 2.369181155568817 1
2.4 1.0849380172152463 1
2.6 1.0556317201220464 1
2.8000000000000003 1.632485926532944 1
3.0000000000000004 2.100078585629035 1
3.2000000000000006 2.0503028519849327 1
3.400000000000001 1.2037156622734146 1
3.600000000000001 1.4090615923868048 1
3.800000000000001 2.0250926455221006 1
4.000000000000001 2.790981335491495 1
4.200000000000001 0.42302954600669196 1
4.400000000000001 1.174683457132556 1
4.600000000000001 0.18564246185201239 1
4.800000000000002 1.7262849938174891 1
5.000000000000002 1.5592816416062525 1
5.200000000000002 1.4714976663209094 1
5.400000000000002 0.9341994743842031 1
5.600000000000002 0.5651462248551093 1
5.8000000000000025 1.578629716896882 1
6.000000000000003 1.1068482446377208 1
6.200000000000003 1.1229250229361327 1
6.400000000000003 2.3741390719841515 1
6.600000000000003 1.017224046025025 1
6.800000000000003 0.7165602572745581 1
7.0000000000000036 2.304779405030975 1
7.200000000000004 0.7925110595640202 1
7.400000000000004 1.540104223095453 1
7.600000000000004 1.059968787264173 1
7.800000000000004 2.7690876809611504 1
8.000000000000004 1.2104379980607978 1
8.200000000000003 1.4666565214750031 1
8.400000000000002 2.469989731951012 1
8.600000000000001 2.925227924585554 1
8.8 1.1012630301669293 1
9.0 2.3095789643343485 1
9.2 0.3511733966944005 1
9.399999999999999 0.2901026508020419 1
9.599999999999998 1.3618836093281967 1
9.799999999999997 1.1976231538234101 1
9.999999999999996 0.9002750678630548 1
10.199999999999996 0.35896262236958 1
10.399999999999995 2.118593553832172 1
10.599999999999994 1.8809846432100925 1
10.799999999999994 0.3241722374640231 1
10.999999999999993 0.9521396114321681 1
11.199999999999992 0.17898355588394244 1
11.399999999999991 1.2012198976395323 1
11.59999999999999 0.16715615644305593 1
11.79999999999999 0.22521270184111408 1
11.99999999999999 1.7910164418557042 1
12.199999999999989 2.2538799615992486 1
12.399999999999988 1.3646223695069208 1
12.599999999999987 0.7910972809759236 1
12.799999999999986 2.9345375963750953 1
12.999999999999986 1.6256844056683013 1
13.199999999999985 0.4155277544233881 1
13.399999999999984 2.5537473623671247 1
13.599999999999984 2.472567329152575 1
13.799999999999983 1.053345855983011 1
13.999999999999982 0.5720428068065597 1
14.199999999999982 1.6774981811191778 1
14.39999999999998 0.4140343369501106 1
14.59999999999998 1.0917649130759908 1
14.79999999999998 1.7591223209247002 1
14.999999999999979 1.3120335571011545 1
15.199999999999978 2.7783816232489595 1
15.399999999999977 0.7998279352065099 1
15.599999999999977 0.5713022310332508 1
15.799999999999976 1.9589666694816512 1
15.999999999999975 1.7020948051775 1
16.199999999999974 0.10511974690648773 1
16.399999999999974 0.3301732474562976 1
16.599999999999973 2.1459264507302915 1
16.799999999999972 1.6046737596344327 1
16.99999999999997 0.8417015730260573 1
17.19999999999997 1.0240264459805597 1
17.39999999999997 2.9679377885299623 1
17.59999999999997 1.9028106791391979 1
17.79999999999997 1.1705064618415455 1
17.999999999999968 0.6797360596139279 1
18.199999999999967 1.0428677981216494 1
18.399999999999967 1.5918823089268594 1
18.599999999999966 2.98102527713323 1
18.799999999999965 1.513420078624772 1
18.999999999999964 2.261089060533075 1
19.199999999999964 0.6450775170891125 1
19.399999999999963 1.0211875426990384 1
19.599999999999962 1.6074631766224923 1
19.79999999999996 2.4966569634205182 1
19.99999999999996 1.0807468292037319 1
