0 0 19.629464911139916 1
0 1 75.33906812166538 1
0 2 15.745811730248105 1
0 3 27.684877312276303 1
0 4 51.95997084806624 1
0 5 8.010665103424863 1
0 6 21.925579276149477 1
0 7 69.22205188188745 1
0 8 48.79268366464936 1
0 9 66.56087885825312 1
0 10 67.4061707431505 1
0 11 28.676992136720646 1
0 12 49.75396748363252 1
0 13 4.0726908293160164 1
0 14 33.55224725657591 1
0 15 12.545886245512438 1
0 16 95.22615507909732 1
0 17 61.97630204071027 1
0 18 63.105631656924125 1
0 19 44.19616148603789 1
1 0 63.087492076583196 1
1 1 65.22903916550288 1
1 2 33.699413866414886 1
1 3 3.5714565850875957 1
1 4 12.287412509549933 1
1 5 32.22632601935015 1
1 6 56.32059677506347 1
1 7 76.65249650757362 1
1 8 82.806671537199 1
1 9 35.0299130367211 1
1 10 65.84409731595734 1
1 11 40.33825655998241 1
1 12 24.68121932266232 1
1 13 56.00870517845963 1
1 14 47.90694647267515 1
1 15 87.77916183896178 1
1 16 46.78792753807037 1
1 17 43.27908418393669 1
1 18 7.785616488134317 1
1 19 66.6081843741554 1
2 0 35.392694191543804 1
2 1 42.01158026366842 1
2 2 93.38813801491385 1
2 3 84.62657853298622 1
2 4 8.226943430623667 1
2 5 66.17590380599803 1
2 6 88.41829761834894 1
2 7 17.390394947901044 1
2 8 96.87091872827554 1
2 9 36.89768105829856 1
2 10 53.94793415117195 1
2 11 93.30684300703079 1
2 12 50.93601577675122 1
2 13 63.2876219975926 1
2 14 34.86672283520406 1
2 15 2.8852657841753393 1
2 16 83.95665354749717 1
2 17 61.67917086584877 1
2 18 48.922344750461185 1
2 19 40.534684477837956 1
3 0 11.219583471794603 1
3 1 71.60013291120032 1
3 2 22.977314883307177 1
3 3 87.31706227207681 1
3 4 84.4685286876023 1
3 5 50.95237317745354 1
3 6 17.902619536530384 1
3 7 78.55876064360262 1
3 8 40.22183420526157 1
3 9 83.02550411701154 1
3 10 25.311170864960573 1
3 11 3.289709975803057 1
3 12 48.93224867747269 1
3 13 41.402667821241124 1
3 14 26.19284921490109 1
3 15 79.44986307590008 1
3 16 77.87012058736451 1
3 17 95.9650445691206 1
3 18 46.79057685887918 1
3 19 44.44363909216422 1
4 0 62.74753334789218 1
4 1 30.08957349018634 1
4 2 0.6068880078941463 1
4 3 63.87392543531515 1
4 4 56.52806880174553 1
4 5 0.09110025907881347 1
4 6 35.899711166628926 1
4 7 63.69487957668416 1
4 8 50.13994734846649 1
4 9 70.06712993886734 1
4 10 30.40931682444813 1
4 11 41.56741477823497 1
4 12 27.45351607007813 1
4 13 11.858827665095028 1
4 14 97.51430927336845 1
4 15 81.05318418889138 1
4 16 61.52882498573027 1
4 17 18.854799225711915 1
4 18 95.2905382563621 1
4 19 18.140462891780196 1
5 0 89.9021543538801 1
5 1 53.27202606367657 1
5 2 74.42450170489387 1
5 3 82.9247048095152 1
5 4 5.698340000010093 1
5 5 88.76852356796961 1
5 6 29.73655810468837 1
5 7 59.40355571003764 1
5 8 13.019912998243777 1
5 9 92.9656454361524 1
5 10 1.6242546002488645 1
5 11 67.32033418639112 1
5 12 99.44221846082193 1
5 13 74.15029770184664 1
5 14 13.355665764239678 1
5 15 75.26240123622952 1
5 16 83.46952304665524 1
5 17 86.74418078760728 1
5 18 59.29559801097509 1
5 19 33.473761516266975 1
6 0 84.48921456339912 1
6 1 62.35930749489699 1
6 2 34.011355251233 1
6 3 92.04555433253925 1
6 4 93.22171354697015 1
6 5 25.88697082322421 1
6 6 40.711780792791075 1
6 7 45.394799859347835 1
6 8 39.195625421572025 1
6 9 31.78310066858806 1
6 10 42.44042866489956 1
6 11 96.64740909772327 1
6 12 13.820171287939997 1
6 13 74.11272435608339 1
6 14 2.916502734224413 1
6 15 30.90136764514816 1
6 16 37.06837502268121 1
6 17 9.426607263270048 1
6 18 2.5575802093481426 1
6 19 42.23837884845757 1
7 0 63.042089572324315 1
7 1 78.04241180797604 1
7 2 20.41230888832244 1
7 3 5.176308604359869 1
7 4 84.38485100426351 1
7 5 49.027889193203656 1
7 6 16.99864358376917 1
7 7 10.849066624872039 1
7 8 64.30604318356002 1
7 9 68.06635169751107 1
7 10 25.98328508639163 1
7 11 70.77731318767071 1
7 12 61.57049034730009 1
7 13 92.93234611563939 1
7 14 92.15294702540389 1
7 15 71.04227531585623 1
7 16 54.40696899237844 1
7 17 84.01702814670085 1
7 18 22.588042915666517 1
7 19 48.76885291726466 1
8 0 68.84113538063808 1
8 1 96.38780150244125 1
8 2 35.67787512228008 1
8 3 3.1953826108284455 1
8 4 26.56649775719522 1
8 5 51.472800240750615 1
8 6 44.82699823674897 1
8 7 77.04739698362242 1
8 8 71.60931454777847 1
8 9 61.721461872939386 1
8 10 7.040392793547079 1
8 11 71.0510864358755 1
8 12 57.867186928459006 1
8 13 72.53656465526942 1
8 14 49.25010242076526 1
8 15 19.33189198696612 1
8 16 42.940777961566866 1
8 17 81.49003886129222 1
8 18 29.665024371333203 1
8 19 24.36654866556539 1
9 0 50.40946278420586 1
9 1 65.1571095267433 1
9 2 93.14057183865742 1
9 3 55.4684558955542 1
9 4 57.585731310227764 1
9 5 52.56823640560675 1
9 6 58.71911753759967 1
9 7 9.261069299247971 1
9 8 50.14326014675584 1
9 9 33.76394661698091 1
9 10 60.28299570188715 1
9 11 29.099680429135855 1
9 12 34.73583920620251 1
9 13 4.838699313526629 1
9 14 40.60996593975843 1
9 15 10.256793033376365 1
9 16 16.3414598856093 1
9 17 62.09368787828537 1
9 18 66.0967778734195 1
9 19 9.473886020467482 1
10 0 45.12549260600046 1
10 1 52.6191347994315 1
10 2 71.02290359222167 1
10 3 32.58769919233093 1
10 4 43.598532024353 1
10 5 82.80527528858646 1
10 6 38.08730776648622 1
10 7 63.002111510312595 1
10 8 84.81219077222272 1
10 9 70.09429471761192 1
10 10 71.94051674043786 1
10 11 13.610113642738797 1
10 12 54.35461434222329 1
10 13 37.14668130097903 1
10 14 23.401830670152723 1
10 15 15.493563014368172 1
10 16 40.796763697856164 1
10 17 71.76601693898 1
10 18 65.21090318585277 1
10 19 97.56319501443602 1
11 0 23.689531752623328 1
11 1 8.900948026945732 1
11 2 53.806107688945595 1
11 3 35.52834657544012 1
11 4 91.20592678046778 1
11 5 63.65448904748373 1
11 6 14.570845988187099 1
11 7 30.717477239739054 1
11 8 92.16563148177434 1
11 9 62.574321261889935 1
11 10 57.365712673059875 1
11 11 33.47059501175066 1
11 12 50.75714112528621 1
11 13 5.90508963445695 1
11 14 72.85605989756034 1
11 15 8.318416076525892 1
11 16 96.25872915698453 1
11 17 37.7037324540337 1
11 18 85.30916367471129 1
11 19 21.317239786509536 1
12 0 17.300165403273514 1
12 1 34.58052837226151 1
12 2 67.416730562031 1
12 3 77.93049985880876 1
12 4 83.29186376482616 1
12 5 89.29352823024374 1
12 6 3.5421753945946155 1
12 7 88.69676603359625 1
12 8 46.37165356975815 1
12 9 12.181351396808859 1
12 10 2.7455739635928067 1
12 11 47.03074619318074 1
12 12 73.95532121597303 1
12 13 60.368305049995485 1
12 14 59.46318564604768 1
12 15 68.36964862596085 1
12 16 86.85027028614122 1
12 17 17.1073474430394 1
12 18 85.12943839740696 1
12 19 84.37092274275429 1
13 0 10.074271579957006 1
13 1 64.08784009742779 1
13 2 70.36954433641426 1
13 3 28.256382940331182 1
13 4 18.225871282345995 1
13 5 72.88948975082448 1
13 6 34.20849650267708 1
13 7 80.22107598108738 1
13 8 98.47113241641043 1
13 9 18.667708783158265 1
13 10 2.3078300666735996 1
13 11 32.613527686385545 1
13 12 69.04211742217883 1
13 13 77.56474898572125 1
13 14 98.81695703903685 1
13 15 1.6844693185660176 1
13 16 0.9405904777226692 1
13 17 11.468845928896442 1
13 18 71.40775508875905 1
13 19 93.83484591331504 1
14 0 63.6225216269222 1
14 1 99.58069277959606 1
14 2 98.03219789695652 1
14 3 31.942614493467847 1
14 4 4.9039474949036705 1
14 5 18.03352632208598 1
14 6 66.74005735274112 1
14 7 46.34500721075422 1
14 8 67.85011754316291 1
14 9 16.439113827515893 1
14 10 70.26325753509747 1
14 11 30.293375732365448 1
14 12 71.4052355822376 1
14 13 15.32550072676736 1
14 14 40.85825867325431 1
14 15 93.73972814197889 1
14 16 93.38767446996759 1
14 17 0.6857097937062573 1
14 18 29.48118572773364 1
14 19 68.39571938410914 1
15 0 66.63373506398138 1
15 1 18.542304949020693 1
15 2 51.16382453304011 1
15 3 73.06048494016026 1
15 4 81.205063086521 1
15 5 37.3169240476479 1
15 6 83.57796821045955 1
15 7 55.879374334471954 1
15 8 5.74134622668071 1
15 9 40.74417410095451 1
15 10 78.3550901979872 1
15 11 61.65221625363462 1
15 12 24.239106910593268 1
15 13 26.930984956820314 1
15 14 44.08350794322281 1
15 15 82.89258619248373 1
15 16 83.32307412760007 1
15 17 34.84697285881258 1
15 18 36.15927175194865 1
15 19 48.67157972817535 1
16 0 7.789583416952528 1
16 1 33.36916001549384 1
16 2 94.73542886348595 1
16 3 34.479088835346694 1
16 4 86.03378378206877 1
16 5 18.058073084264336 1
16 6 42.77159327556952 1
16 7 54.35139364425813 1
16 8 98.41052293331818 1
16 9 36.80873912599163 1
16 10 70.58075924626294 1
16 11 20.29410215775218 1
16 12 76.17027918847482 1
16 13 12.257382884645418 1
16 14 86.6187680522579 1
16 15 34.82464193340101 1
16 16 16.49337013111638 1
16 17 86.77158077249848 1
16 18 36.25908965165431 1
16 19 90.46290387518815 1
17 0 42.887411536497154 1
17 1 51.210145088560274 1
17 2 37.45091169023532 1
17 3 75.50517739353599 1
17 4 77.35773023021463 1
17 5 73.91264328241846 1
17 6 98.4942945558706 1
17 7 49.39928147371596 1
17 8 18.35264120039505 1
17 9 91.66792623833177 1
17 10 91.54291106178172 1
17 11 17.89260703550628 1
17 12 89.3238977403216 1
17 13 17.115782908507416 1
17 14 85.7922333615108 1
17 15 55.318336718942696 1
17 16 46.08761162362449 1
17 17 91.10658087063037 1
17 18 33.34804433519067 1
17 19 2.848512743721354 1
18 0 20.83041819328073 1
18 1 0.17622509417132282 1
18 2 59.84348928579289 1
18 3 54.47769612234594 1
18 4 92.22239208839221 1
18 5 16.931646478670338 1
18 6 76.04825536181656 1
18 7 5.689364601972125 1
18 8 11.106243264288763 1
18 9 37.984059509119106 1
18 10 98.54205238234593 1
18 11 85.49831444103177 1
18 12 63.68016965780966 1
18 13 64.99017260472202 1
18 14 55.400683184191294 1
18 15 47.60370536708164 1
18 16 60.10375285097454 1
18 17 71.89988785903357 1
18 18 14.661233636173797 1
18 19 34.72816081093245 1
19 0 77.8879531102934 1
19 1 66.15557683586093 1
19 2 6.2667586389415835 1
19 3 45.26201479993025 1
19 4 14.715381831444352 1
19 5 41.61839194215017 1
19 6 83.09467123548946 1
19 7 96.14234871655053 1
19 8 42.33348205817116 1
19 9 41.88612021196777 1
19 10 60.315913082954495 1
19 11 36.525341288851486 1
19 12 82.306161583833 1
19 13 19.523053259827673 1
19 14 29.234043459633675 1
19 15 61.33673391666852 1
19 16 27.971202950540498 1
19 17 63.77438911620889 1
19 18 53.28960597905148 1
19 19 10.951059264398255 1
