0 0 0 0
1 0 0 1
2 0 0 4
3 0 0 9
4 0 0 16
0 1 0 1
1 1 0 2
2 1 0 5
3 1 0 10
4 1 0 17
0 2 0 4
1 2 0 5
2 2 0 8
3 2 0 13
4 2 0 20
0 3 0 9
1 3 0 10
2 3 0 13
3 3 0 18
4 3 0 25
0 4 0 16
1 4 0 17
2 4 0 20
3 4 0 25
4 4 0 32
0 0 1 1
1 0 1 2
2 0 1 5
3 0 1 10
4 0 1 17
0 1 1 2
1 1 1 3
2 1 1 6
3 1 1 11
4 1 1 18
0 2 1 5
1 2 1 6
2 2 1 9
3 2 1 14
4 2 1 21
0 3 1 10
1 3 1 11
2 3 1 14
3 3 1 19
4 3 1 26
0 4 1 17
1 4 1 18
2 4 1 21
3 4 1 26
4 4 1 33
0 0 2 4
1 0 2 5
2 0 2 8
3 0 2 13
4 0 2 20
0 1 2 5
1 1 2 6
2 1 2 9
3 1 2 14
4 1 2 21
0 2 2 8
1 2 2 9
2 2 2 12
3 2 2 17
4 2 2 24
0 3 2 13
1 3 2 14
2 3 2 17
3 3 2 22
4 3 2 29
0 4 2 20
1 4 2 21
2 4 2 24
3 4 2 29
4 4 2 36
0 0 3 9
1 0 3 10
2 0 3 13
3 0 3 18
4 0 3 25
0 1 3 10
1 1 3 11
2 1 3 14
3 1 3 19
4 1 3 26
0 2 3 13
1 2 3 14
2 2 3 17
3 2 3 22
4 2 3 29
0 3 3 18
1 3 3 19
2 3 3 22
3 3 3 27
4 3 3 34
0 4 3 25
1 4 3 26
2 4 3 29
3 4 3 34
4 4 3 41
0 0 4 16
1 0 4 17
2 0 4 20
3 0 4 25
4 0 4 32
0 1 4 17
1 1 4 18
2 1 4 21
3 1 4 26
4 1 4 33
0 2 4 20
1 2 4 21
2 2 4 24
3 2 4 29
4 2 4 36
0 3 4 25
1 3 4 26
2 3 4 29
3 3 4 34
4 3 4 41
0 4 4 32
1 4 4 33
2 4 4 36
3 4 4 41
4 4 4 48
